path1=[
  [
    13.581237127674514,
    74.66811270846169
  ],
  [
    13.580485941576056,
    74.6686274783663
  ],
  [
    13.578661224905195,
    74.6693150164834
  ],
  [
    13.577409233156951,
    74.66940081146751
  ],
  [
    13.576240701564132,
    74.66940081146751
  ],
  [
    13.575572966641436,
    74.66940081146751
  ],
  [
    13.574738295345522,
    74.66897183654696
  ],
  [
    13.574237491158716,
    74.66862865661054
  ],
  [
    13.572818540223185,
    74.66742752683305
  ],
  [
    13.572568136236233,
    74.66725593686482
  ],
  [
    13.572150795670838,
    74.66699855191251
  ],
  [
    13.571483049239777,
    74.66596901210326
  ],
  [
    13.570731832259316,
    74.66493947229398
  ],
  [
    13.569563267786341,
    74.66339516258007
  ],
  [
    13.567560001021,
    74.66159346791386
  ],
  [
    13.566892241676225,
    74.66125028797742
  ],
  [
    13.564972423099139,
    74.660907108041
  ],
  [
    13.563803830279037,
    74.66099290302512
  ],
  [
    13.56296911760123,
    74.66099290302512
  ],
  [
    13.562301345346787,
    74.66099290302512
  ],
  [
    13.561132739383961,
    74.66150767292973
  ],
  [
    13.560298017319141,
    74.66210823781847
  ],
  [
    13.560131072554196,
    74.6624514177549
  ],
  [
    13.559212874249928,
    74.66382413750061
  ],
  [
    13.558628564390412,
    74.66459629235756
  ],
  [
    13.557292993600996,
    74.66596901210326
  ],
  [
    13.556040889167889,
    74.66665537197608
  ],
  [
    13.555957415304428,
    74.66665537197608
  ],
  [
    13.555881540401247,
    74.66667309919606
  ]
]
path2=[
  [
    13.542984472253368,
    74.66294101738747
  ],
  [
    13.543735776964263,
    74.66375606973646
  ],
  [
    13.544528818251203,
    74.6645282245934
  ],
  [
    13.545113162770622,
    74.66530037945039
  ],
  [
    13.545447073279938,
    74.66594384183117
  ],
  [
    13.547116618794119,
    74.6678313314815
  ],
  [
    13.546866187714235,
    74.66731656157687
  ],
  [
    13.547241834235171,
    74.66641571424374
  ],
  [
    13.547241834235171,
    74.66632991925962
  ],
  [
    13.547310034165566,
    74.6658882877943
  ],
  [
    13.547456118721545,
    74.6653949666357
  ],
  [
    13.5475813339838,
    74.66500888920723
  ],
  [
    13.547727418373105,
    74.66460136303274
  ],
  [
    13.54801958688249,
    74.66361472071551
  ],
  [
    13.548687399270088,
    74.66331443827116
  ],
  [
    13.549104781059834,
    74.66294980958871
  ],
  [
    13.55004388740777,
    74.6633787845092
  ],
  [
    13.549793459411015,
    74.66327154077908
  ],
  [
    13.55025257720354,
    74.66382920817578
  ],
  [
    13.55044039786311,
    74.66427963184233
  ],
  [
    13.550690825178389,
    74.66488019673108
  ],
  [
    13.550857776575326,
    74.6654593128738
  ],
  [
    13.550857776575326,
    74.6654593128738
  ],
  [
    13.550828527369656,
    74.66587105216402
  ],
  [
    13.55101634757419,
    74.66614988586235
  ],
  [
    13.550974609763786,
    74.66642871956073
  ],
  [
    13.551078954276067,
    74.66688986760029
  ],
  [
    13.551151995407391,
    74.66709363068752
  ],
  [
    13.551225036516286,
    74.66743681062395
  ],
  [
    13.551287643163189,
    74.66766202245721
  ],
  [
    13.551506766297525,
    74.66806954863173
  ],
  [
    13.55188231971761,
    74.66762986272734
  ],
  [
    13.551892754131064,
    74.66697567597353
  ],
  [
    13.551892754131064,
    74.6668898809894
  ],
  [
    13.551924057368641,
    74.66652525230695
  ],
  [
    13.551924057368641,
    74.66635366233878
  ],
  [
    13.551892754131064,
    74.66601048240234
  ],
  [
    13.551924057368641,
    74.66572092433098
  ],
  [
    13.551944926191416,
    74.6654099175136
  ],
  [
    13.55195536060211,
    74.66468066014866
  ],
  [
    13.552017967056667,
    74.66440182645034
  ],
  [
    13.552049270277756,
    74.66426240960115
  ],
  [
    13.55220578632141,
    74.66380126156159
  ],
  [
    13.552737940098892,
    74.6634044597601
  ],
  [
    13.553165749134548,
    74.66354387660928
  ],
  [
    13.553165749134548,
    74.66354387660928
  ],
  [
    13.55335356749235,
    74.66383343468064
  ],
  [
    13.553416173578624,
    74.66401574902187
  ],
  [
    13.55352056419162,
    74.6643158931118
  ],
  [
    13.553635341923234,
    74.66485211176244
  ],
  [
    13.553718816602304,
    74.66554919600833
  ],
  [
    13.55383359423817,
    74.66636424835735
  ],
  [
    13.553823159909943,
    74.66661090893663
  ],
  [
    13.553864897220146,
    74.66727582006347
  ]
],